56
39
39
14
14
13
13
13
13
13
13
13
13
13
13
13
13
13
13
13
13
13
13
13
13
13
13
13
13
13
13
13
13
13
13
13
13
13
13
13
13
13
13
13
13
13
13
13
13
59
59
12
12
21
21
257
257
5
5
9
9
3
3
257
257
0
0
5
5
9
9
9
9
9
9
9
9
9
9
9
9
3
3
257
257
0
0
5
5
9
9
9
9
9
9
9
9
3
3
257
257
0
0
5
5
9
9
9
9
9
9
9
9
3
3
257
257
0
0
5
5
9
9
9
9
9
9
9
9
9
9
3
3
257
257
0
0
5
5
9
9
9
9
9
9
9
9
3
3
257
257
0
0
5
5
9
9
9
9
9
9
9
9
3
3
257
257
0
0
5
5
9
9
9
9
9
9
9
9
9
9
9
9
3
3
257
257
0
0
5
5
9
9
9
9
9
9
9
9
3
3
257
257
0
0
5
5
9
9
9
9
9
9
9
9
3
3
257
257
0
0
5
5
9
9
9
9
9
9
9
9
9
9
3
3
257
257
0
0
5
5
9
9
9
9
9
9
9
9
9
9
3
3
257
257
0
0
5
5
9
9
9
9
9
9
9
9
9
9
3
3
9
9
158
158
11
11
218
218
273
273
13
13
13
13
14
14
12
12
12
12
204
204
9
9
9
9
9
9
9
9
9
9
9
9
9
9
14
14
131
131
131
131
14
14
186
186
13
13
13
13
13
13
13
13
13
13
13
13
13
13
13
13
13
13
13
13
13
13
13
13
13
13
13
13
13
13
13
13
13
13
13
13
13
13
13
13
13
13
13
13
13
13
13
13
13
13
13
13
13
13
13
13
13
13
13
13
13
13
13
13
13
13
13
13
13
13
13
13
13
13
13
13
13
13
13
13
13
13
13
13
13
13
13
13
13
13
13
13
13
13
13
13
13
13
13
13
13
13
13
13
13
13
13
13
13
13
13
13
13
13
13
13
13
13
13
13
13
13
13
13
13
13
13
13
13
13
13
13
13
13
13
13
13
13
13
13
13
13
13
13
13
13
13
13
13
13
13
13
13
13
13
13
13
13
13
13
13
13
13
13
13
13
13
13
13
13
13
13
13
13
13
13
13
13
13
13
13
13
13
13
13
13
13
13
13
13
13
13
13
13
13
13
13
13
13
13
13
13
13
13
13
13
13
13
13
13
13
13
13
13
13
13
13
13
13
13
13
13
13
13
13
13
13
13
13
13
13
13
13
13
13
13
14
14
9
9
56
56
14
14
14
14
9
9
56
56
14
14
14
14
9
9
56
56
14
14
202
202
14
14
9
9
56
56
14
14
267
267
72
72
202
202
9
9
72
72
72
72
257
257
291
291
233
233
72
72
72
72
0
0
0
0
233
233
3
3
202
202
9
9
39
39
262
262
257
257
233
233
72
72
72
72
0
0
0
0
0
0
0
0
233
233
3
3
202
202
202
202
202
202
202
202
202
202
202
202
202
202
202
202
202
202
202
202
318
318
102
102
257
257
233
233
233
233
0
0
0
0
3
3
262
262
262
262
262
262
262
262
262
262
262
262
102
102
104
104
202
202
202
202
202
202
202
202
202
202
202
202
202
202
202
202
202
202
202
202
202
202
202
202
202
202
202
202
202
202
202
202
202
202
202
202
202
202
202
202
202
202
202
202
202
202
202
202
202
202
202
202
202
202
202
202
202
202
202
202
202
202
202
202
202
202
202
202
202
202
202
202
281
281
202
202
14
14
9
9
56
56
14
14
14
14
9
9
56
56
14
14
202
202
202
202
202
202
202
202
202
202
202
202
202
202
202
202
202
202
39
39
202
202
63
63
102
102
41
41
42
42
3
3
41
41
42
42
3
3
257
257
5
5
0
0
0
0
3
3
257
257
5
5
9
9
3
3
257
257
0
0
5
5
9
9
9
9
9
9
9
9
9
9
3
3
11
11
257
257
8
8
5
5
0
0
3
3
125
125
257
257
233
233
72
72
72
72
0
0
233
233
3
3
16
16
16
16
262
262
102
102
257
257
233
233
233
233
0
0
0
0
3
3
262
262
202
202
202
202
41
41
54
54
42
42
233
233
51
51
52
52
0
0
281
281
281
281
281
281
0
0
202
202
0
0
202
202
281
281
202
202
14
14
9
9
56
56
14
14
281
281
202
202
202
202
