202
202
202
0
0
4
4
257
257
9
9
20
20
11
11
1
1
100
100
3
3
0
0
233
233
202
202
202
202
51
51
72
72
72
72
0
0
4
4
257
257
9
9
11
11
28
28
20
20
1
1
100
100
3
3
0
0
233
233
202
202
202
202
0
0
4
4
257
257
0
0
9
9
20
20
11
11
1
1
100
100
3
3
233
233
202
202
202
202
0
0
3
3
202
202
202
202
0
0
3
3
202
202
202
202
202
202
202
202
0
0
4
4
257
257
9
9
20
20
11
11
1
1
100
100
3
3
0
0
233
233
202
202
202
202
0
0
4
4
257
257
9
9
11
11
28
28
20
20
1
1
100
100
3
3
0
0
233
233
202
202
202
202
9
9
51
51
72
72
72
72
9
9
9
9
0
0
4
4
9
9
257
257
9
9
9
9
11
11
9
9
9
9
28
28
9
9
9
9
20
20
1
1
100
100
3
3
0
0
233
233
202
202
202
202
0
0
4
4
257
257
9
9
20
20
11
11
1
1
100
100
3
3
0
0
233
233
202
202
202
202
48
48
0
0
233
233
48
48
0
0
233
233
202
202
202
202
0
0
4
4
257
257
9
9
20
20
20
20
20
20
7
7
20
20
11
11
1
1
100
100
3
3
0
0
233
233
202
